643095,756341,640525,735362,873344,200256,106422,113036,526643,407577
680387,1140,782452,369936,222318,812338,757314,724750,295847,150238
163811,586906,748986,708456,8845,925707,162173,713028,816740,640354
751712,415397,457863,529199,762934,211189,501997,536390,552046,723037
967936,391242,537035,963383,814969,709689,750618,856181,423838,700116
429978,759302,244094,467784,46990,784583,501683,230198,795125,87700
651563,399789,921200,877840,449038,928409,42612,78579,882036,212838
86583,497779,680586,698785,467204,80875,420329,316991,686545,681432
42441,655948,606368,388609,834611,814885,105465,469153,589338,332129
608823,173897,501402,105958,840885,22774,286683,851112,68396,900312
28457,106307,728073,277573,34175,818541,474998,152029,413761,428390
366662,258996,23001,115854,689708,913874,209190,60176,38143,848284
893261,947853,814486,902761,651063,850195,500125,619675,507447,759097
728479,796631,662736,556765,688354,699998,196144,791323,503757,483353
908906,607175,355044,43530,510477,85903,182879,667728,736524,647006
352620,670987,206608,427515,246370,904190,64648,292885,426656,464428
411943,448847,74579,534318,915557,975459,903245,685516,883725,170411
340899,725376,830218,68337,208861,829342,997267,388023,463046,11934
595234,159262,764910,590715,320272,184889,348234,780955,26005,426085
373786,315753,816793,466967,674765,739230,169944,852721,133028,144187
724043,9772,634117,162323,943434,629088,450375,3548,884553,222529
626262,36906,646189,236471,231180,953853,35593,782101,555254,451258
293251,234881,222006,984219,529079,364287,513423,52923,996043,53712
733035,775967,721041,87098,411404,991942,607459,727158,365029,886738
488219,235203,979742,312307,176028,492275,112021,948878,186760,561525
753988,728878,62329,496924,272884,147797,102749,345801,222003,833733
898933,186486,234906,694217,680875,984208,517056,671085,291140,412728
715254,501707,911377,904791,139128,681243,844851,953936,606386,109431
632500,698857,572931,573325,559223,360390,270915,23356,92748,474751
545545,262611,757408,410464,669528,948271,507515,761009,876088,704202
558655,404403,901367,886207,704795,459922,937752,159630,588070,938916
695650,588966,529070,803977,276501,634041,444144,419001,776273,878633
922469,325481,516468,143271,147841,544590,50280,906302,85814,912192
263725,733264,486474,848702,797092,368310,881080,916107,416873,863613
850147,845703,274563,250310,503606,968581,354470,393854,677910,502235
87069,754313,619474,846774,929415,229304,196908,561031,32604,840214
369158,523638,76573,628633,436263,75843,954940,750994,5855,977164
715145,308334,405355,821382,712281,248716,106753,563877,222709,445753
798609,198568,790968,485849,866110,298824,795996,316988,347821,980494
595849,372178,536177,51248,325767,831600,291871,675911,264119,901765
806133,628888,198254,997542,174359,509851,190526,628394,892458,982360
593595,316567,873633,731628,174433,539158,293924,149933,772463,295983
939739,737754,364838,79219,320805,201501,334520,873296,635246,37611
33790,768628,884128,993337,177682,22170,850263,96771,876139,691636
444184,681619,860954,668896,547355,96129,515066,381560,504507,310562
671103,812164,114131,388311,416286,24261,161163,236943,544587,87870
456741,947405,121054,153531,356926,502394,711135,691525,321886,809262
834023,894727,937729,850816,593136,628074,891973,247474,65309,735702
341686,348500,50354,28102,23565,727440,678603,912337,789422,591303
310691,558341,803037,860740,875000,460066,557876,140035,443875,293340
756587,351494,253667,515068,355284,436113,849272,984104,324420,357647
480563,296478,763293,819199,717540,4947,169425,236707,301343,216831
611966,353305,554439,408152,857654,361977,586497,782296,131690,644880
382499,348447,273904,165282,372043,847908,492565,446701,918710,790129
533753,714529,957109,46313,590988,230389,281231,922194,95191,290073
766599,756018,557900,632834,604688,470764,881742,177104,56587,491047
417096,101348,794799,493729,885325,623803,64009,946803,61283,627974
992768,207741,687732,576296,635167,937496,867671,99134,759547,611946
51460,558509,528683,648040,178318,646218,66487,228232,913605,234839
561189,110602,118759,859983,800157,32746,743076,559422,954490,871951
264658,975049,64197,213675,69224,604683,76396,539433,42165,298512
761444,109627,388636,265515,684594,316973,953640,77378,895779,392531
195756,165147,131784,698987,538059,131717,325349,35086,772889,821805
943659,679159,782532,584819,227390,761469,750957,473439,932564,831638
474542,882757,835536,789093,84907,181511,638580,66525,591069,545412
992739,911834,36160,784830,318406,983625,6701,803405,421594,892113
170405,825970,776983,692867,22612,618316,343486,726616,551142,183981
892087,10131,493418,1382,210407,290249,722513,155713,456046,185856
948406,320566,22977,421625,217021,878426,654077,972309,868829,84766
281408,496798,435725,267605,240788,252996,608740,280841,230473,55650
647327,438702,56782,421919,322218,748046,456072,968893,386907,945986
476978,309210,265476,556690,848418,858177,671982,110362,753404,217261
953740,444490,98246,616097,755499,265704,190872,175974,947620,399361
299072,845015,741445,407220,221201,71895,220781,255950,417299,116193
40486,959063,530157,188996,917454,267569,616816,803472,642499,82341
11169,388084,389948,261915,845159,109708,346661,548219,416669,687707
823623,783939,856075,938061,485806,705847,849114,403073,257108,677887
734829,375038,512734,59079,162855,775084,130167,506859,746854,304695
991856,479575,11486,150367,261134,786763,584506,52511,414780,148413
280307,347170,188545,945998,11858,312350,367858,466759,276769,981064
429850,762349,698621,778461,577184,681733,401247,140127,738558,92788
715636,658937,506140,896496,206183,307319,304103,978998,893859,217953
707441,533641,220157,44686,45711,925092,613599,806577,323664,473870
711928,450705,43894,355556,117470,184247,727370,884749,773311,598672
795063,188486,351492,299437,667191,413808,540761,6296,757690,324669
725798,798848,224812,244144,348039,167068,862742,920167,247225,684705
122363,914503,911612,29812,922569,955543,45635,653635,901906,503382
923839,919069,428005,671667,80347,97216,664102,446405,899783,701441
273602,549753,270980,329964,666454,226523,522860,67022,270732,991966
10278,689575,67107,812233,205912,584496,889612,381702,354474,19089
374639,655462,520507,380039,463128,402005,333855,302177,354118,755266
750241,724749,519790,813234,943512,330389,544850,941397,179812,564609
813686,964893,7568,922708,22977,168319,803421,359102,695480,240208
856200,150344,115944,349066,470224,285522,860368,490373,374024,591617
170295,643878,817088,839564,99918,901101,361104,277810,353715,371423
757315,778058,745973,727450,970538,740752,331494,603462,166612,263853
705127,25230,572221,698097,990371,28414,163625,571425,560967,537760
874334,840782,215274,934484,115677,62230,624542,295432,90609,146943
250950,58008,94344,359050,581775,127897,341185,415416,289387,23537
811378,873197,726391,557597,462633,23278,68356,48972,748256,669341
868566,155806,265721,783555,95189,391573,576327,938548,269866,618104
622917,26868,351118,726279,271854,370754,62798,811702,802073,872647
553600,289039,263068,39627,871298,846150,579188,228062,701953,730383
35433,768056,137050,400185,208687,830900,591383,982382,735673,969270
319269,442148,56365,966969,767852,366179,764624,251126,122649,92959
644435,84806,59087,454616,45528,871648,986993,876396,744892,254789
767549,892674,900292,5001,164295,670227,202585,732672,610636,321150
42589,814797,653672,48403,281142,565185,604396,563904,19918,350030
926151,405424,786592,38080,556541,773012,926284,162079,189765,181201
343290,843798,749379,724174,523356,591865,941340,99747,743547,249661
160292,92036,588736,879532,939410,404549,645628,515266,973509,442207
733255,622045,726010,402013,453099,634813,313436,152674,28678,570687
809764,677447,924258,84304,943735,175750,155280,866631,580627,742304
283960,419968,930194,798167,287578,85737,412449,159517,911395,421222
41981,906168,547199,804220,99903,734079,761469,449501,419397,955560
889209,357985,90570,849562,329188,710309,268695,661071,95065,666148
482620,826975,686449,159861,7998,523427,62954,684151,76647,953450
299641,417108,390815,452992,662051,399636,81442,91598,345718,28353
793026,949422,191764,650018,608780,846145,501320,80249,100175,716559
264790,796472,588933,158867,616493,422933,709302,362850,111602,319879
606682,776243,42987,757909,744766,370250,995645,994623,513737,287797
18062,862979,499343,1744,470906,529989,645952,170915,957768,148951
779360,926359,197261,774453,59792,839952,627878,760448,386222,575711
835786,995022,271885,628180,297933,548940,433068,363312,460302,751627
5911,413806,97436,53627,871352,807362,415596,523191,649130,207043
544448,557591,911211,621952,59589,411181,157466,82612,945091,690866
866713,879640,32407,126302,753278,655150,502621,525973,317702,598855
927283,322954,41850,589690,907896,864709,328181,625657,408694,53771
318432,644807,804037,643190,204787,125856,369175,761822,228756,819126
163538,431994,36501,420197,287763,887226,139465,223238,666525,96740
47788,855164,347008,200535,168672,900390,967765,517371,253350,964019
519372,6327,428927,182161,511892,526142,211315,321145,484761,628468
755882,334376,898124,720903,401182,708970,636506,968609,997380,523228
2988,480985,534786,394568,618823,181522,92707,32531,539568,428099
755803,306622,855312,945322,806699,85390,576637,397144,879899,557446
108681,477944,96486,220723,708518,958242,165992,654419,875031,777905
326995,803975,377541,152839,803766,699221,301704,632570,972349,724776
836529,12026,561994,182214,566701,348602,125925,200949,420557,582271
547249,503018,435909,710100,56622,879863,892023,173655,661577,814840
848203,409493,92561,605298,334799,116572,605692,261466,6988,681537
301915,683325,761398,567316,738677,215957,878511,556970,193444,799358
956945,23979,870650,19358,441551,913853,423100,302430,515983,746303
745652,162922,130028,850118,461188,809822,589344,334117,216363,105312
49385,195748,442267,537934,328856,445984,568910,852974,95068,880210
2149,577323,595370,55526,912598,769493,572637,331326,779006,322981
216637,191926,602931,321905,249090,492675,562953,155223,179347,212824
257800,272121,458306,150291,54528,649672,242970,923154,423590,670935
565319,968534,188417,924507,334255,296163,778290,526845,231547,354597
514527,798077,627232,921287,641748,857864,855789,549729,368738,775959
116944,354305,478656,940779,896599,286728,210535,652822,848287,230794
277260,943466,285055,278389,272685,22079,701374,107274,408644,935258
130790,787822,947598,208714,374535,255486,531450,325310,518493,30676
873394,887011,111422,853548,162236,215588,340052,860771,101456,900899
982234,23533,213005,194972,381937,829697,401921,321213,292713,644751
650139,481817,750518,321341,973747,64327,516448,189459,363444,833755
976033,719732,70818,669040,956462,880717,20802,229923,654634,449641
30724,581805,646550,594139,464855,364347,196382,153014,582947,581343
102821,846394,2959,52042,160419,469464,904244,756160,90743,952315
172590,966306,561469,631488,416377,484905,641487,849940,713326,629813
49751,593666,352683,103329,623377,776871,480807,380660,316053,597877
601649,539269,574672,727712,855270,360984,692693,814290,46048,697739
349482,807473,761549,897187,473409,450374,36321,326345,724202,478545
60325,596035,645842,991554,795468,450034,800763,435164,746688,516258
503284,89668,515027,784769,238679,142663,530002,577612,544615,147511
971792,739106,615298,763012,314384,589621,579375,496310,216910,768232
356947,581117,254990,151765,347405,187666,345200,941869,900566,438131
418234,343215,434278,904199,173651,562894,244147,389063,154491,613744
395318,288704,345216,243937,433565,370111,821111,375770,431252,776432
753973,224863,344727,457373,882979,470606,11281,796892,180132,806427
291723,721781,314379,416312,282640,119551,834738,142157,212258,351791
666981,541039,671241,281431,389394,932697,181567,248748,315095,916243
721224,790788,972811,655111,219348,652930,395204,310901,604998,175310
207839,855646,697511,71527,697415,875188,29449,653159,571039,779528
794469,202137,664404,314641,937740,74639,534112,411178,20795,871318
562688,412687,605417,597069,181570,129283,580395,45534,656015,207905
462287,393257,384539,440882,206853,331698,675176,612835,655644,166416
248413,306701,512753,945821,663895,22098,735752,690143,621173,318555
450202,646942,302030,989145,499746,722595,544492,178333,546604,386649
875464,747637,460807,873435,377463,566308,998629,396922,451366,536128
739286,363073,485669,430823,794239,753566,746042,20603,147064,514601
950692,48457,170258,257682,313149,191357,184247,170349,337022,901473
818705,582416,411951,65563,115615,944928,130958,982110,561128,6346
132255,924397,626983,577027,411517,162027,633614,608178,847905,348122
720418,264042,170247,689328,255169,810386,52468,777051,433575,131251
697501,568137,372257,713891,979943,513874,993170,920844,288205,740544
660796,719133,612515,617207,644646,517899,852644,113561,303568,276243
182956,389964,846027,598127,112022,992651,335841,123339,936453,870663
265592,434276,349920,393263,450697,381833,237036,831626,214866,195241
957939,846401,69973,767587,343637,795190,437266,115409,201339,146016
356824,169186,339232,941537,662333,43602,256243,657277,399005,270580
35186,526118,337137,355630,59117,744832,377547,910994,279708,338879
788816,506031,520304,488834,510873,383820,656310,991379,872179,922346
421814,806622,869067,280212,828744,2477,809674,722594,826035,254536
243661,482652,818579,197953,124586,215540,303377,692954,507626,499172
313370,137759,480955,528987,130256,16822,533950,410936,559772,168
40041,792455,896018,414892,888917,899428,68188,226863,349238,962053
985949,928128,773203,500366,241144,788743,287558,824287,361640,344355
195239,83157,92107,535455,818902,671324,977727,891509,944843,955867
399289,176163,11339,142392,860008,950232,63548,435529,223921,588859
176638,791100,53157,734427,615885,533027,77934,915623,910667,637251
