377733,820064,316755,525240,32683,547286,262886,515011,882967,596924,351437,274684,712978,120743,834462,964259,293399,307500,279466,195906,402729,325671,753116,34067,241082,851235,800799,231263,477888,3166,247480,362985,677015,811857,500839,821560,735214,624257,739857,427643,870424,282087,740092,479098,471386,908929,104387,665613,449540,112064,381875,335067,977142,414249,168608,426272,573667,888577,52898,518623,730963,941027,442011,789510,348018,555351,355831,113774,675264,329681,553625,258088,229322,200199,399547,310519,259247,244007,170004,194342,67984,135308,437871,519587,440047,526415,265641,793704,663700,347826,173109,893360,548341,591810,92283,556460,865524,356015,58663,173826,689424,934165,931070,567505,135643,166560,173968,545387,378741,469723,42854,772778,684214,855135,122728,406050,425497,236400,34357,170510,771888,977624,238030,237166,515170,887983,85968,758285,689619,979629,297565,167536,430024,707634,582038,917286,398617,420193,205966,736226,905081,257316,997655,717314,777895,224779,191500,222066,688628,898820,161537,437871,568153,957519,426784,210024,804365,508231,262291,720668,318174,499569,448984,29134,515136,741719,717163,305367,91384,161563,228398,999772,486407,490465,455995,219433,669005,434724,351689,6884,751447,805335,874551,267453,701247,642615,193515,902414,200979,720321,299983,2898,848897,180459,931732,96254,623337,972254,642087,11835,656124,940115,488529,172881,709244,762702,236337,769637,395591,903286,175130,361220,844559,412016,37405,801065,872576,180989,914053,566548,451090,162177,782185,434424,354266,918590,761154,965818,399588,958816,923517,273153,570485,143792,156160,322311,781804,686304,132474,809825,173697,994444,226425,698237,848849,369480,931138,538767,344393,832229,30620,4362,556340,810020,432968,22961,885091,370911,206270,623754,295364,275244,700825,693628,641525,470150,608402,43397,842950,78883,421680,89418,386335,480719,616856,926005,477503,327607,963363,670750,911818,668249,87434,368458,786830,100097,514007,635144,232640,685725,686242,664476,745800,24342,521871,389138,861175,544714,896772,900952,950071,445081,408898,308994,281176,708812,581005,709371,643745,29277,794849,802396,535627,867585,85328,687530,788373,283082,676648,722726,463995,90191,573556,915774,639101,850851,79745,457692,540726,655385,133808,490251,885360,524886,917351,816779,84355,304660,754133,893769,788704,32365,42660,310462,39317,812060,513979,262683,229517,854320,949616,558017,925373,237591,17290,199160,189427,488984,838137,62567,850910,386874,939043,783548,677151,368593,695954,418224,990726,985883,733302,778785,510375,351674,929895,22100,526909,447399,383214,347812,808792,472995,206419,834723,250420,179180,857009,709645,961910,207894,402774,259135,586841,681445,693125,194011,516258,683672,490589,699623,211966,750147,160592,645991,21733,464415,183176,281331,959387,773538,561117,322660,255295,999429,441683,668390,239710,843230,862881,827803,178428,436663,440530,137734,652517,272219,219170,222577,589870,409783,417691,419075,241421,397468,261853,539018,663707,880503,278255,149983,319418,573577,575633,919289,351740,606111,884255,303972,368608,5991,422923,865191,632874,589986,302374,195778,269254,537049,807427,111009,764556,220222,247167,928095,437403,309998,662840,369585,441734,761810,564179,691987,135587,526522,107750,282900,604860,876219,18613,983867,208772,540575,467389,315448,141267,724362,39821,491558,453669,722719,934971,29304,288117,122622,866667,860529,247773,664650,958876,919584
353381,650075,306088,354049,98251,559918,391141,757241,890494,935920,871586,321420,821939,677984,276780,133759,552766,763773,283471,470699,934580,455828,517559,91119,667324,833189,307638,747303,330563,358729,964662,87243,12441,638244,397684,520641,550794,210414,894916,511958,103297,93308,378586,975205,817583,296090,180477,139988,220388,967968,951809,193856,410465,823925,722131,361388,836708,279715,549572,796961,719804,144621,70126,412805,929582,31769,770273,257187,493724,594489,123742,880256,927377,778941,637413,491194,202885,289766,127038,333846,96642,712047,455923,752849,68333,942149,546873,207520,898280,529743,511483,537099,968333,445581,179120,558925,202275,344014,436811,510629,872941,108069,893948,217145,561286,811721,472399,213040,367949,888854,90292,713563,205300,848189,861613,481217,980695,192114,302791,916357,467150,85560,324485,76451,633056,27678,115540,144000,224590,999734,202008,630765,815406,152620,918703,949092,670571,977434,586578,505597,306421,35619,915661,249401,356699,145747,346918,791947,615332,868345,690656,393098,610380,732856,470990,727309,159980,833709,738229,163711,289887,144137,848784,834662,378635,802780,693951,855060,309431,152451,749669,10676,383032,887866,211948,483599,688981,796590,633998,970364,609190,309481,538650,188277,595994,131228,861302,485118,36954,61648,20655,997778,342253,298640,372851,960666,336211,230486,542626,607280,501495,533603,678563,14248,53605,912838,104633,952725,324028,665346,437198,724352,168997,301556,855440,540414,266179,48794,462246,358674,125138,150531,178346,769249,712891,727707,862136,126287,922377,139576,56653,849999,144895,823317,161125,641657,170663,479215,559611,96947,291658,610544,547248,881629,897577,742994,218988,128215,149826,91913,49123,340558,727759,173183,650254,415553,67948,915735,324341,948678,507512,671322,380296,69591,701204,494139,338293,718911,767550,84338,32132,543549,325533,69997,123935,517970,989565,549135,386009,782460,170022,139736,320518,167281,736917,47245,562920,179719,869958,196789,274116,366595,959340,13189,487827,175946,487803,677194,632306,70487,252418,991886,610696,755390,305563,514151,181345,565916,83221,336883,361430,262271,632462,188447,345649,286870,732884,461202,356965,529161,835947,858081,157608,896036,959465,646303,386960,339960,164181,381995,316106,698457,425647,798265,205743,172508,32434,185792,526739,896397,539106,538289,399756,611120,269285,790744,53705,246475,147355,800990,96569,633957,243047,836482,104986,787262,770804,404086,125131,360164,917259,960976,365484,561546,940340,487401,874478,151580,271046,205570,866180,303205,437287,329802,959640,103019,169779,15652,271444,258148,123355,270008,244951,164470,227974,490279,727223,328500,29284,911709,618291,387098,697869,30795,718348,656302,214516,933584,129559,742941,114495,353637,739739,51638,64623,101761,990283,97666,951127,529502,136554,52195,610413,294380,14446,786372,303684,339278,275269,702418,220256,859255,330510,129080,85792,533305,764936,492540,316088,166377,22993,597591,600375,236604,954287,372988,172994,778603,364948,614761,776101,563308,286741,546278,720522,974859,21985,381079,59113,682537,259476,480167,35744,871615,260058,689114,616532,749310,127407,821385,604016,805620,275936,240758,951699,489552,649379,501197,178616,350208,326126,876768,499706,54258,969918,311746,521071,546126,943069,551267,671830,377768,36753,625546,863111,358936,709806,777139,664004,616114,271078,954250,295617,495913,12680,90623,570311,728783,433675,329226
760701,512285,445552,137261,542589,116649,91322,275693,26917,111653,408541,989086,951638,127922,735304,325813,24211,462347,956816,923555,552740,1271,644495,217714,416055,174078,126341,246484,402617,803696,338841,112528,566553,944362,234564,2079,398880,491940,341863,233566,584715,722537,740917,747457,560899,439041,689739,993666,120191,104080,875461,128341,26109,763000,93835,494747,492560,899150,27623,330874,529299,264307,562861,799374,46548,712664,253194,160466,131995,642259,999450,530322,890616,286189,420097,131017,639818,761366,126687,843615,766794,419493,767279,45208,631635,573153,843944,31712,548284,912267,764321,727394,530274,699349,971832,116099,631383,107286,866342,182912,57777,281690,310885,602330,398915,331610,333464,197558,145256,124580,951194,493428,82713,353594,981780,296684,626462,525337,9512,224773,831584,547118,114388,513979,229855,790929,268824,536308,302886,504877,602950,652191,948910,275630,739468,575222,435158,248694,193578,974963,734292,634987,304564,150733,127939,183641,589777,697559,49082,995292,963942,100642,496190,928108,334660,447500,484486,823311,165689,35179,567877,668166,669122,882211,893698,977655,733164,477237,645289,667046,774224,505792,112547,661204,964657,613409,360749,256111,354893,18371,632280,662009,561638,406049,190015,231291,164576,974775,580203,734159,871865,149330,159931,633477,208479,951692,616429,139622,46667,324234,772976,361016,857951,807694,254809,849473,710754,976553,432592,432661,147430,344338,575952,831712,873155,143761,801632,232877,400637,845256,883486,571764,607983,428518,205904,146538,835339,904606,586150,979976,235890,671212,491924,600396,992826,883442,582100,81819,637957,507663,315322,35663,939293,852096,147240,396774,515948,66373,84235,937342,543537,662039,256690,850298,935395,947943,947565,858155,817208,117807,567570,608096,491762,698171,234979,964297,229603,355710,628278,877382,423947,126678,77372,363857,743877,913246,329871,755475,285014,488828,246146,755742,290657,855560,491297,219146,387896,466453,681153,175360,893542,949870,101335,133679,428606,504644,297245,979950,720592,511786,13715,895914,542930,439101,367810,560771,543812,40937,12237,420059,931812,761024,354136,482254,409794,766157,816826,778502,594521,304907,798723,334726,650411,656386,948854,487217,420471,707832,29553,543320,570755,622721,759469,565350,843300,783067,224691,756894,612923,277664,309878,281593,60669,628673,99002,192450,781978,715703,706723,253218,902446,400027,184637,183721,792812,116512,749157,428639,578060,202910,802111,869751,963830,184909,419547,508171,781293,915020,639611,20312,958485,69795,457583,38600,512104,740041,523169,327284,567417,311976,520185,989959,738048,199481,130147,798155,22824,591840,901916,457714,390970,553476,462814,305083,23932,398806,105323,36724,394141,767716,509263,970692,682261,302751,852116,452773,791554,554689,753696,623373,768784,416540,922111,541597,539150,959190,452308,328840,109497,442761,174308,148888,967587,245565,449703,253191,77852,354412,281171,160958,486818,879683,27370,896834,202956,280397,198775,699168,368573,427915,783911,577103,240291,97735,10844,820680,386730,927263,799037,288828,401011,517961,819373,77749,845166,740241,250478,621327,51105,451660,442937,662471,373215,492406,936622,248625,996928,83488,187589,651506,728649,875249,700629,200456,104761,106468,306251,178200,424444,846775,610719,471449,523215,866368,41739,2849,865981,399631,550074,798861,107690,781796,916769,689866,701194,448920,964254,190556,815692,239637
771909,33881,328958,869126,13833,724235,22250,513998,512628,271587,907916,936566,619872,937414,650742,632320,315935,807348,330916,283388,448966,999158,219498,328350,328993,792089,877524,340010,561436,229018,301046,420757,626730,701178,856668,688990,514301,544296,186629,438362,951276,338721,588946,166365,11022,942475,137165,309389,715178,139363,463855,531361,997981,239906,685864,309631,769580,561587,781648,286987,617881,31998,767626,245559,383951,452288,648488,840079,934700,617017,929429,12253,886976,654953,291138,482498,397703,188460,495374,245248,940233,343446,700835,21111,130272,722282,665941,390120,226839,702777,754158,912066,595686,630806,444444,120283,668122,42121,309027,203298,333576,818477,247271,352637,693388,614330,224157,676899,255590,649670,674088,818525,336676,84464,678911,831929,436007,958016,66376,775694,207344,658967,427973,951889,973377,188455,262710,349143,41335,215469,960770,837625,600018,613179,91911,979682,295659,969055,687898,473745,226795,208534,270752,523971,751775,685643,756276,9115,952768,403102,188941,25030,718333,935511,844070,52845,771974,636632,570064,227335,54027,186471,680668,451167,556054,894154,3558,726982,640406,597402,226562,666573,522913,914977,145161,954394,271985,534941,427840,262625,701308,782467,66585,80361,855787,89125,154613,839907,853029,497381,842348,591037,453345,224843,453214,30704,468180,277768,573967,233275,764473,810110,732674,148349,382210,5865,158052,670382,876687,475749,751636,117200,97134,42157,240739,62686,664316,700948,591724,901005,545171,554233,657000,356953,214960,277282,762903,501892,765436,365849,735008,530406,379953,743808,590100,288127,239374,10598,214448,307127,987611,911421,111024,940037,908910,387,837663,430849,887592,573231,713594,554157,650884,519839,848577,102839,356601,752342,678432,441097,554971,900531,631011,177000,906220,245539,173405,117334,159838,453127,370596,531712,912568,840959,723134,638283,348570,310935,665780,828905,898670,246871,878752,228349,499052,339736,281036,445299,711978,751630,146169,617320,647088,633295,379600,32866,690311,751626,652907,951363,906617,576504,219020,99622,748721,313957,150259,339929,502355,943179,381339,638862,648634,851894,624408,414157,540772,706512,69500,680938,697489,47474,362330,609829,804718,349124,929729,758774,111245,337297,296843,135042,928083,104517,98163,394548,230467,825269,350207,810142,736601,587804,453858,93812,729218,791683,765354,192392,651717,727330,648265,138571,266726,172301,677222,914048,842732,419443,790756,228424,408701,675158,961499,596791,747333,352236,89965,486280,310665,136508,725504,639384,556818,549861,815115,197462,854635,51163,578796,901606,525280,645662,483564,584557,438716,638828,118752,367866,518540,50578,530746,962958,654540,949298,618133,62891,69274,324604,391251,464737,598223,91806,636933,41267,15883,27178,618149,118212,176728,242425,774184,617262,289617,294681,838822,954749,608855,279324,650743,484447,451611,206473,679711,601547,382047,503675,832212,986037,339694,451948,422255,564469,629397,264214,887688,47275,92356,720089,407735,157149,856746,208573,852280,345539,615816,224415,90828,201504,102720,14938,222817,539022,923985,75129,538878,250236,987260,851301,786294,49189,925930,771571,619618,362623,973280,82832,11679,183905,96824,311804,314284,407597,659338,126325,915817,493130,543389,661948,11298,85340,260401,360944,690531,550008,743908,851855,244134,604508,33860,119265,875140,24981,480486,692295,196238,711690,907376,776451,874659,542119
81932,54814,578015,326456,111011,188112,958891,989524,985346,400464,262718,639550,477735,509104,891888,159321,337553,138251,282629,316919,408616,14108,648772,154312,205014,766041,727364,453052,861277,110508,314374,851738,283102,373523,239521,420675,939843,521360,596319,773350,79669,673770,327932,229019,745872,864234,71343,958236,950335,444114,246552,534945,539017,860689,87195,247939,543116,91516,788595,463261,659232,837955,159509,954965,865510,567170,436818,192605,638342,341847,263615,33332,118901,684556,740465,796967,468886,553932,752515,789336,116337,606297,745737,409482,757810,919111,604423,484767,490306,404955,286092,921299,357989,872563,462707,337914,622988,250588,513319,478224,380300,543822,757698,539575,385545,7468,270208,348397,686733,258799,526143,883572,942442,196289,303410,876068,265534,31323,576467,453682,782103,562832,871970,202780,913619,390175,236343,221939,517267,32990,608558,546066,307524,897222,98708,833938,274938,751079,223107,505415,827374,977883,115456,569475,128229,312346,967563,958463,175086,930689,103393,8705,472939,986668,856812,833969,149329,610896,313189,387961,212429,289837,956243,186137,775258,992675,238615,720838,164731,598204,892321,378407,623844,556459,758364,134045,743938,261305,235291,533470,375183,21262,712893,407292,534729,100421,309758,734243,321570,305735,972098,30048,816062,93232,764534,764810,702507,514658,627702,954563,148071,850506,449481,380625,78198,886529,477135,981140,871105,837565,818727,905681,341395,652015,758282,465053,18239,708923,491796,187323,842917,837111,550057,973788,63468,207735,848239,470312,834700,581045,366881,255392,138617,803101,880976,976569,807213,542252,499414,962983,461305,451965,221915,444077,302264,751500,474501,570363,974938,249519,376321,918821,17571,663172,420014,21149,609560,666842,676318,375811,714321,908305,945656,620046,552823,143986,451970,872431,87182,964183,694446,257142,502009,89300,115662,926261,754484,328451,44042,998760,111746,413737,783879,493476,348238,906599,751663,76005,43758,395021,775149,185692,806646,457026,205883,856803,670794,396266,722997,31394,573608,877756,798859,310483,788393,891963,961238,287450,263457,270108,220882,663383,399461,483270,948805,606751,923112,786363,607946,381005,764469,753458,127517,384069,268190,58655,474982,464709,21177,652894,897574,914871,982284,291209,975579,993085,390073,237317,5211,954334,457852,59343,267121,59244,998254,134232,97300,107637,405756,688250,28126,558419,577532,391572,488323,353667,209868,764779,707070,406427,208047,610027,568529,719753,30645,336378,556779,853924,249911,111182,705918,68691,789631,879963,293265,888331,249805,46531,708593,670709,96815,880717,81225,731554,480222,510447,259207,666848,572515,350308,847842,681663,104933,939919,423209,549020,466139,735434,930678,409364,13575,71780,606326,230623,861020,801121,872286,95185,225684,585304,101771,227363,216155,908736,867255,777193,695666,866825,395808,163094,519649,5120,64678,876272,339022,351477,543803,782967,883528,79294,9266,973104,507471,166660,26706,283920,30834,14380,652326,209480,142419,944849,801799,826898,125457,390608,607447,5082,902152,565569,273577,169200,244182,831060,911073,538264,262278,133326,586359,496867,920910,373912,835001,54568,389435,937732,828705,649473,466251,651367,271211,442436,306602,399193,163390,127859,561417,861902,181103,998331,658484,665713,334547,56213,430685,602714,600242,133970,242803,193825,842235,208956,633607,605584,687215,301844,182969,744217,337076,225708
896512,552706,923306,143823,655055,108032,137142,340429,37099,375434,354118,766894,434639,915891,166553,733655,426128,171807,228868,108618,449045,659849,162929,17484,753670,708773,307325,41342,151611,11928,201540,639404,954995,389005,398163,65157,936545,233710,389834,727068,761924,690787,934062,428262,428697,164937,1536,23269,173650,408337,775393,209749,980263,497776,432786,33349,179483,949718,70612,931978,801889,389717,109132,252466,183919,812467,790992,791181,118924,171288,935889,441672,241177,428615,422306,345311,901013,367797,307311,945807,263210,127647,984939,234076,495946,396987,845635,534391,103099,976860,880578,855694,496587,129243,761531,715749,651887,967444,587239,901292,111706,761140,262458,26237,84607,486423,148121,272262,728107,508367,716,618604,278002,6259,674623,724866,93325,956392,157645,275811,310818,512460,8873,881416,659141,184781,818700,968569,820547,116880,288955,179342,387378,41405,241134,499322,40767,806458,611754,523015,691851,72959,332149,328938,591722,117024,987363,665922,838570,915866,90433,760583,569399,959933,788129,678558,394157,467195,261243,153990,623123,760090,671489,799331,236724,968570,366543,434477,727707,157929,181358,317045,298951,142821,82923,914653,858321,347861,290352,404228,687794,125383,198423,393799,910263,199567,17027,37050,44453,481809,884094,207839,191082,337382,358478,494897,275947,556975,32237,77604,138018,370776,313429,894397,637581,938350,223662,267746,872739,77254,787779,102901,229999,814502,636936,289569,32294,254390,618166,116347,447779,592213,113955,552178,316339,708621,980869,822907,720459,632838,496913,510441,759779,267059,56777,188924,802622,33698,591365,944798,511341,222302,481939,407931,483957,598104,574782,629580,478654,421505,937676,829511,614822,855097,369999,220403,404207,885617,440269,808429,381026,851739,848883,736800,670093,949382,763016,577215,492297,221028,711324,318350,691009,493427,973037,398581,805256,895191,406712,607913,873114,997716,972301,475581,373188,876539,538814,93190,388225,505542,13208,782577,486604,325918,287838,435166,809714,395023,759006,54388,271063,815221,59040,72425,645910,245857,51887,606334,877022,279624,286600,662742,555389,673511,732025,32814,418243,725724,999260,633420,683155,691008,262507,987228,1370,30569,38392,426883,337037,158730,83569,919054,590229,737603,321185,333125,304542,358444,846602,896276,589469,578120,429364,225442,882986,720983,611877,703813,666509,324089,928745,928464,308605,694285,45719,639832,986415,119144,930218,164382,635999,27082,46423,169293,674221,42275,4341,444059,724616,532162,899160,672047,174489,123760,444251,640996,969282,872228,338612,694677,780916,344772,447384,172946,823907,326065,420637,15531,711282,601889,542944,376958,63252,583126,445751,677466,568972,419989,615252,981140,976237,572032,362073,655247,531485,589687,89531,235163,95969,539206,619611,262811,568924,164181,575780,637845,95142,304889,698730,809356,9824,507345,724902,70526,122420,257970,184720,347292,386149,868888,728300,242992,443805,669021,102676,363746,756229,579721,888405,271384,623445,605612,828576,481465,869859,855289,349645,560562,509245,103326,388906,359390,443033,996299,533912,436882,181428,989710,461187,265566,225328,797617,998165,436079,499983,638103,178744,18852,30739,192758,731317,431497,588909,845654,285131,601220,97134,167343,693484,93934,114094,902512,701961,328670,365652,154271,449871,744268,390131,500228,320680,875162,498693,173641,382469,881442,23911,433730,458447,787883
598187,576034,201871,9778,116628,523142,54194,326291,585441,579759,415136,35723,501537,906740,412066,362177,319284,181037,887566,677690,626050,41454,436615,246512,823665,568400,295026,102953,916477,377461,725563,923969,612839,546869,853779,944888,553917,14577,236145,913037,215165,27966,510953,788694,117403,98470,274784,234799,626862,210930,625326,537499,603998,630676,527683,778664,727460,567153,216467,189639,461118,481918,480677,300013,486771,858659,255962,985733,484217,172190,597453,981741,289661,829425,190264,230928,400945,282292,605032,36232,890618,686625,614840,410502,898325,704816,930376,217109,225157,97792,621448,906998,643256,324908,468385,173752,593075,452805,135672,61581,201097,335176,117195,817511,614047,211569,354479,385841,663013,256539,47942,753503,176462,442468,42534,255361,272409,949641,815559,565585,9964,47284,77647,595075,515004,356173,573535,941028,306608,580534,500772,20672,712666,876600,480900,249870,98078,187927,93492,729242,70720,762244,795894,412829,512246,5959,811786,828757,855822,548455,155313,614299,55956,87188,38672,427932,420707,789199,582429,788064,303506,293802,82291,82835,450549,495008,378488,373375,47752,452990,34247,84257,827573,523487,731066,943791,82810,975536,109386,694394,446298,134076,65220,522022,741483,306502,75731,157384,330941,344538,278639,97382,15895,792728,518771,990203,261068,808703,85537,650342,759605,788372,655908,266697,626241,415862,360437,766417,72045,407850,884137,752173,641143,121501,852532,406113,445293,423573,170181,158320,910615,32911,356748,391178,789772,905627,77117,440696,202461,591035,565207,190930,380349,870533,313720,226886,156550,951710,92264,692781,181394,848041,621550,671415,952808,308840,696493,153328,485926,868732,69007,537647,765027,496101,865496,547191,283374,569132,571291,129654,535962,888801,642262,142664,404442,890303,202923,352152,301703,574428,527623,919003,82370,557856,265836,259614,279315,149467,535668,631140,332047,656833,70868,83461,171024,302521,739119,421026,115178,130119,367439,274684,598166,868962,799355,486893,686455,878874,855565,293982,32443,752912,243926,682045,460310,848316,299883,520936,798277,536241,772970,379726,450903,692543,123461,338556,695700,776958,834541,579469,487434,546590,984707,643479,977625,328775,8463,904535,897637,245673,261868,695103,993713,246156,457624,833528,630727,717367,266117,289875,327050,921307,740984,869945,872415,730334,199807,258390,918642,689369,838350,753959,219839,153140,139684,657166,127996,533904,105216,588953,587765,436226,282138,66683,731483,346569,751274,46109,545335,964426,905143,850651,591222,608982,829951,840129,837676,365208,619326,841426,533076,420446,288076,381511,495512,974737,794472,971189,415667,797386,622530,475528,193711,511340,326182,130836,928456,965535,901496,177014,603214,389636,972883,78808,628545,765660,406423,491784,362860,234618,668267,975027,724447,597175,869003,674850,708793,13701,473424,678492,84122,196989,731305,796027,553304,106784,512336,819218,832174,354300,530068,353211,253073,234943,934702,636079,472703,724646,330506,511818,105517,232661,980360,1509,138511,645318,105325,812084,394140,843388,788503,246519,667203,760876,21239,390378,418279,748057,961983,969776,842504,977204,757586,978265,674411,7205,958561,997830,748775,724211,869195,931698,733898,443171,456868,781886,807852,617428,432131,910919,427318,568959,904906,19209,160625,746959,59362,884365,14974,509256,295569,199071,269812,236969,57210,656652,532155,463183,677480,388179
187750,337005,660897,72042,262752,838233,927490,566664,140928,872400,320552,103805,610489,767213,495601,791688,50302,854833,154799,821181,440240,96443,212133,229714,478297,989099,533383,421854,921278,113696,117045,659640,255727,772625,401038,285046,24800,209291,78458,600371,59494,176048,259919,666106,192107,367154,412058,558299,69858,129492,152936,998706,572370,850126,711396,492806,203052,8151,521079,214900,787614,962288,661818,284650,365244,552332,459368,480989,952188,36978,18330,572826,84328,707270,849452,778372,151939,360885,621360,435749,366499,879919,44249,486941,264629,743084,812314,81229,932174,191785,184869,400771,266421,661416,364941,930973,39468,482132,813940,461667,504669,798915,74975,599307,792414,669214,770441,399505,54084,289625,452175,261793,559015,834057,334923,480782,617916,8046,876670,212883,12016,296361,784292,481342,524879,512188,703189,272616,735876,139342,178946,575671,564425,66625,340349,235470,408360,760628,140359,740880,180790,733527,694017,13356,321543,246455,216619,572592,375310,907633,387070,86521,164492,256548,797370,361034,660604,228154,915365,272242,140575,382871,749272,758781,715878,809609,168975,14559,581697,300879,339924,237716,777580,555622,404644,310115,181920,843521,346653,814840,245784,549873,440974,113366,544069,78504,965992,504721,825904,395238,855467,110747,774035,80759,218778,524038,505271,157327,844477,694912,282646,438929,772007,716903,135110,378529,199834,764921,902374,866140,427381,516712,594,129897,250222,398113,442962,549438,677009,983683,541026,165958,877387,779893,703686,86607,459271,684389,313031,645455,111278,645792,286769,759849,744436,315362,861523,201812,320701,540928,47940,565374,990500,173107,435409,637732,195501,876746,272197,20355,871542,781251,134990,41054,954382,138953,822219,882888,802193,506235,148667,444682,816041,138069,276104,751887,767897,813052,574049,456862,835328,140417,421635,476688,72817,109343,19012,79479,609296,589143,903702,753728,698036,379729,877506,292949,191821,5619,179732,953405,211367,940371,289279,911366,279529,964636,961252,707319,929442,850484,286531,354170,585422,59667,598450,534243,463319,254872,571704,272758,226910,963035,801896,519133,224853,873269,814101,685463,672969,59632,195961,310755,846086,388455,788751,471468,637657,883131,735191,53436,408430,933820,451455,989510,451178,946430,731351,770736,233551,655768,777508,327035,271344,135588,214081,246325,608809,182171,725829,45417,499693,981563,631969,474459,760276,89889,191520,558699,762853,270605,304504,965708,794477,561783,770946,21172,748169,979484,973911,126429,392050,565250,982735,942451,453131,347215,990711,359142,373441,424057,321142,5680,699643,911285,913580,182662,171082,880063,763865,345320,899423,181156,645929,357463,443311,911842,316912,259563,710348,452330,41339,831775,774235,283055,48307,447711,820358,666458,977891,261918,78761,352895,748814,360328,995677,790844,878179,715620,601904,519576,476648,196945,285469,547941,430728,300755,7705,414038,807259,907648,568829,69540,427358,335680,774148,405437,765717,748456,36908,241390,502574,390231,972113,716517,795267,137882,71389,951881,360850,614393,468079,89608,882795,536633,312453,394286,880697,613460,360843,766134,959861,28792,547574,516579,60887,204060,933278,272164,762172,619861,820639,575002,974470,197980,487332,695684,488215,105436,782768,634231,382596,501220,377687,837734,828003,27428,408431,523231,739674,832216,3974,196809,305423,827852,623236,500351,388620,120922,340233,921499
268388,61053,366757,758882,13562,582825,617502,40033,373154,792618,835337,642456,711629,67572,672145,417524,659754,144792,760421,452806,329207,839410,374007,564547,552087,614527,334352,33902,304848,721318,619462,256289,665135,930717,210066,347155,513219,2196,725329,875502,629637,188976,674713,888287,871966,933460,11365,929333,818178,434461,804642,290227,203383,664385,227320,143401,499736,33961,823605,568790,17996,916747,960590,514784,239094,692869,132688,210858,853466,646206,934602,841984,530405,457678,751073,844917,885906,391742,700095,907685,416610,345714,582366,502394,778627,584203,877307,935503,792489,854132,271394,197436,787246,57762,73290,38417,12493,298390,120801,469260,939108,626425,36135,208898,405104,981488,289476,728493,630517,38161,229731,798746,38110,770891,695355,94122,451435,447427,845617,211190,887550,433426,697594,241165,45081,866809,700808,333593,705255,339514,437686,618156,623286,143923,326671,45924,161247,228823,806441,359127,232288,607211,291960,148086,873328,590874,23531,89065,559644,949836,51816,416720,791327,137630,249703,995622,831961,733420,398332,810939,745744,306652,444297,580705,16007,194169,201833,541655,400015,805633,138753,178771,803522,323104,335948,222501,813907,978876,99269,769808,365833,24891,211719,714476,684613,979883,571898,288345,404193,155290,228722,471951,749478,695138,607174,986470,451683,534943,912192,960448,871697,933797,578040,938561,870448,83526,753419,227986,940906,994973,540357,337782,537904,920151,635405,732880,476537,438133,677240,764503,688295,509449,890955,973642,758126,617819,105478,358858,602829,531120,957013,150203,612219,263908,826000,43760,265509,692049,906897,667887,340833,127124,37955,39899,433133,966641,5792,448763,368889,893919,177634,384924,543218,794498,292242,346074,199639,728758,143810,111038,183040,33580,792598,266993,774913,546210,937563,47715,143459,305515,159530,201941,614695,826303,451925,298610,77237,229304,148918,314024,106802,493592,262946,865206,464683,601968,349824,703800,79512,40514,828051,278753,903328,488535,206952,586695,434019,939047,368195,228595,734579,418018,685295,728384,134504,441047,837877,125251,783408,759755,725705,160470,904,261385,678028,792210,980719,941252,427936,486276,559946,416693,734918,540605,655913,195626,61507,927466,886532,691423,334748,596011,124343,316490,199046,490832,388899,790720,92852,108857,932487,435821,143290,459170,642604,401816,278570,953883,689883,666033,184319,167081,605908,761950,404384,486894,96268,74549,492645,897984,299121,896391,390631,171016,7636,653775,907400,600443,571355,409710,601309,497214,98337,530451,617211,984286,398441,236833,728755,484547,104959,826496,610392,497152,841507,126375,351309,110042,83885,835413,930852,739220,534327,638419,283506,72164,941387,774808,360633,869669,244789,211089,945466,638324,858922,697153,777685,37258,686152,100510,939172,602867,638572,829284,825713,918906,38755,470152,401320,202114,122166,915972,669972,672862,964259,92390,627616,129198,20378,255224,750308,318222,920752,311156,993652,600987,315698,922968,947048,392325,986568,376720,757819,502485,866025,543509,434179,160138,371810,992076,440272,951784,154917,706189,752270,434030,847020,260027,319600,520436,643356,207651,997240,251425,19651,639692,950580,281783,692407,588200,124301,930267,120600,746366,778665,637828,473201,335532,484072,100470,377177,34510,426192,286978,124234,266683,415054,828822,718067,295653,857201,781085,806394,445772,61942,859285,328426,885323,976249,677860
517469,498901,579056,240081,691333,679399,833065,635148,962513,838775,891641,324136,589524,24971,724189,51870,614710,179589,679203,105352,89480,191836,210035,587252,69936,156322,145675,811554,241398,647317,606292,453359,130530,649284,664855,750732,127522,191002,554621,709060,818961,278169,560063,573981,678839,628301,224743,371324,837248,77997,524830,698745,157721,186681,389091,860552,346459,182793,467337,523689,94405,418894,643944,648337,468211,868246,725774,480522,787660,669515,80452,983671,354823,121248,670369,61641,530355,273157,275711,731439,748303,363000,166941,752549,459631,296384,945175,479866,589820,220272,262020,314446,559057,287370,528726,466514,362058,333583,991977,474207,863478,268189,605463,846593,550764,860158,146255,893411,78543,265258,984761,922320,240915,264938,928606,965266,346005,98601,499900,830384,939471,506599,638690,667278,746962,89671,321433,357183,759115,362758,391348,922647,2925,270603,838558,294313,659045,29560,992813,430739,667707,302099,28731,692546,21281,593576,524063,183770,655807,651062,52769,242793,845274,431801,530061,224617,473915,951708,424364,725187,975168,583920,508376,643107,170638,204076,448359,248355,93357,720946,989372,751204,694542,754406,342064,922427,748497,938529,49679,846953,286222,847910,727734,758235,384953,542300,564686,603430,436621,725211,344623,676174,840626,635702,671242,756306,10889,300992,699771,235661,303642,298986,366924,986847,269691,153776,197961,143481,571508,283195,807864,388654,311752,107902,163106,531313,247878,532239,264614,173814,795009,171029,167642,69504,343210,84077,386109,897099,223340,429118,20874,476517,607160,438590,863479,699159,483021,130199,314476,605516,802000,590797,118357,432414,426257,380493,121321,260636,618804,465646,679115,571001,850344,956957,485688,352502,36468,720482,668604,906584,723231,82494,574510,56084,895355,301977,92949,109908,348016,710243,812043,238959,467902,240815,540223,728181,236722,826211,225129,417287,439109,590051,373965,809114,793951,123317,848943,324765,470002,576635,501203,410795,796408,803268,802174,775557,737830,767210,623917,620016,199836,298595,415254,533743,878929,979177,990488,334813,150972,141131,133843,190431,780966,626064,520332,44678,978715,732015,355502,685101,124337,533412,98376,872038,473582,668669,147987,911235,836835,603487,192689,390600,703839,69061,433349,50785,923300,5938,212264,400589,59144,917876,749190,636443,152092,751281,436520,946378,458058,801115,180043,479006,825100,41326,972522,375099,183945,641204,924047,427678,538413,570336,148764,853747,485032,787422,769065,135958,657588,189342,982041,309147,301215,868430,771844,226500,586715,826461,288488,133858,575093,197132,976648,922865,837276,555079,783674,40983,871832,166640,273243,520522,983601,548596,937109,245485,534368,86793,222425,473453,442043,879722,823699,593142,537939,570442,435787,70377,95591,960174,504275,351104,398351,114609,737211,756353,735145,481934,546486,598124,191293,752054,871635,39904,263250,424163,947693,71083,444493,145363,395810,424765,563865,323410,355799,931454,205971,328214,627982,181776,534250,22570,945670,460296,378289,918478,335005,995929,198157,198505,112751,958127,582448,807192,750361,14017,262007,669871,382115,568759,434571,482193,276045,247346,768817,384707,462183,687856,97680,14023,39027,310205,507886,106751,35101,517849,500357,131536,398625,493693,914379,788023,362770,972838,907530,990765,682451,763221,154205,291771,356259,214008,740986,753661,647481,942093,170085,297897,356561,649576
